STEP-1

0-38
DIVIDE BY 2
0-19 20-38
 20   19
SUB ARRAY SIZE IS 20 AND 19

STEP-2

0-9  10-19  20-29  30-38
 10    10    10      9

STEP-3

0-4  5-9  10-14  15-19  20-24  25-29  30-34  35-38
 5    5     5      5      5      5      5      4

STEP-3

0-2  3-4  5-7  8-9 10-12   13-14   15-17  18-19  20-22  23-24  25-27  28-29  30-32  33-34  35-36  37-38
 3    2    3    2    3       2       3      2      3      2      3      2      3      2      2      2

STEP-4

0-1  2 3 4  5-6 7 8 9  10-11 12  13  14  15-16 17 18 19 20-21  22  23  24 25-26  27  28  29  30-31  32  33  34  35  36  37  38
 2   1 1 1   2  1 1 1    2    1   1   1    2    1  1  1   2     1   1   1   2     1   1   1    2     1   1   1   1   1   1   1

STEP-5

0 1 2 3 4 5 6 7 8 9 10 11 12 13 14 15 16 17 18 19 20 21 22 23 24 25 26 27 28 29 30 31 32 33 34 35 36 37 38
1 1 1 1 1 1 1 1 1 1  1  1  1  1  1  1  1  1  1  1  1  1  1  1  1  1  1  1  1  1  1  1  1  1  1  1  1  1  1  
